b=[1,3,4,-5;-5,2,1,6;0,6,3,2]
b(1,2)
b(3,:)

